 27
 5
 
 4033      1316   
  4121      1250  
  3953      1207  
  3993      1054  
  4525       926  

  3873      1165  
  3915      1225  
  3928      1274  
  4145      1176  
  4163      1214  
  4170      1206  
  3926      1274  
  3926      1275  
  3983      1167  
  3965      1169  
  3966      1150  
  4266      1261  
  4263      1259  
  4242      1226  
  4211      1249  
  4234      1120  
  4233      1121  
  4376      1358  
  4348      1327  
  4364      1276  
  4551      1240  
  4329       876  
  4329       863  
  4268      1053  
  4129      1002  
  4004      1095  
  3995      1048  

  2500
  
  9000
   9000
   9000
   9000
   9000
   
   550
   810
   210
   210
   350
   200
   350
   200
   310
   500
   430
   300
   250
   250
   300
   290
   350
   500
   120
   150
   410
   250
   380
   100
   130
   200
   310
   
   272
    272
    272
    272
    272
    
    0
    
    1
    
    